%YAML:1.0
---
data_0: !!opencv-matrix
   rows: 5
   cols: 1
   dt: d
   data: [ -2.8088174815498840e-01, 2.5175647803695699e-02,
       1.2165014255883474e-03, -1.3552734611699225e-04,
       1.6344137605655570e-01 ]
