%YAML:1.0
---
mat_cnt: 1
data_0: !!opencv-matrix
   rows: 3
   cols: 3
   dt: d
   data: [ 5.3282722541035480e+02, 0., 3.4248676698965801e+02, 0.,
       5.3294597532077944e+02, 2.3385559285318357e+02, 0., 0., 1. ]
