%YAML:1.0
---
mat_cnt: 13
data_0: !!opencv-matrix
   rows: 3
   cols: 1
   dt: d
   data: [ -1.9863741045216969e+00, -2.0127803113369156e+00,
       1.0894243992694536e-01 ]
data_1: !!opencv-matrix
   rows: 3
   cols: 1
   dt: d
   data: [ -2.4259459146647355e+00, -2.0621569227021005e-01,
       1.9756226798199469e-01 ]
data_2: !!opencv-matrix
   rows: 3
   cols: 1
   dt: d
   data: [ 1.7294112642017185e+00, 2.4940426117922740e+00,
       -5.0306184840190249e-01 ]
data_3: !!opencv-matrix
   rows: 3
   cols: 1
   dt: d
   data: [ -2.1457245608455642e+00, -2.1404874513679308e+00,
       3.7940955846064295e-01 ]
data_4: !!opencv-matrix
   rows: 3
   cols: 1
   dt: d
   data: [ -3.4126411005253215e-01, -2.9484098591858481e+00,
       7.1955407333846200e-01 ]
data_5: !!opencv-matrix
   rows: 3
   cols: 1
   dt: d
   data: [ 1.4673019206005983e-01, -2.6899934807361099e+00,
       -8.5132328941418575e-02 ]
data_6: !!opencv-matrix
   rows: 3
   cols: 1
   dt: d
   data: [ 4.4559916281734624e-01, -2.7860346877076201e+00,
       1.4845593748767877e-01 ]
data_7: !!opencv-matrix
   rows: 3
   cols: 1
   dt: d
   data: [ 3.0310317244741758e-01, -2.8407771861299169e+00,
       5.1585303545795691e-01 ]
data_8: !!opencv-matrix
   rows: 3
   cols: 1
   dt: d
   data: [ 1.9139592662427243e+00, 2.1927346660786395e+00,
       6.5466357449291157e-01 ]
data_9: !!opencv-matrix
   rows: 3
   cols: 1
   dt: d
   data: [ 2.6755660942688625e-01, 2.6964753315907690e+00,
       2.6623058491108725e-01 ]
data_10: !!opencv-matrix
   rows: 3
   cols: 1
   dt: d
   data: [ 2.4013342453750341e-01, 2.5289920536973218e+00,
       6.4717429950339828e-02 ]
data_11: !!opencv-matrix
   rows: 3
   cols: 1
   dt: d
   data: [ -2.9716448661635784e-02, -3.0190295339309534e+00,
       5.7628097545607349e-01 ]
data_12: !!opencv-matrix
   rows: 3
   cols: 1
   dt: d
   data: [ -4.4180326147187665e-01, -2.8974660879813778e+00,
       -7.4240285435478093e-01 ]
