%YAML:1.0
---
mat_cnt: 13
data_0: !!opencv-matrix
   rows: 3
   cols: 1
   dt: d
   data: [ -7.5394359362747707e+01, -1.0764313232893393e+02,
       3.9747469106632713e+02 ]
data_1: !!opencv-matrix
   rows: 3
   cols: 1
   dt: d
   data: [ -5.8499581882369100e+01, 8.3331184459597267e+01,
       3.5235147350774207e+02 ]
data_2: !!opencv-matrix
   rows: 3
   cols: 1
   dt: d
   data: [ -3.9957462420677416e+01, -9.9395530249089390e+01,
       3.1655919117582067e+02 ]
data_3: !!opencv-matrix
   rows: 3
   cols: 1
   dt: d
   data: [ -9.8575618322211099e+01, -6.6263001301980680e+01,
       3.2895691966930298e+02 ]
data_4: !!opencv-matrix
   rows: 3
   cols: 1
   dt: d
   data: [ 5.8394850532603442e+01, -1.1428641155009754e+02,
       3.1585560803496099e+02 ]
data_5: !!opencv-matrix
   rows: 3
   cols: 1
   dt: d
   data: [ 1.6712972598615289e+02, -6.4428804861086675e+01,
       3.3422570243520670e+02 ]
data_6: !!opencv-matrix
   rows: 3
   cols: 1
   dt: d
   data: [ 1.9403493302079426e+01, -7.0540012879209712e+01,
       3.8731834964758428e+02 ]
data_7: !!opencv-matrix
   rows: 3
   cols: 1
   dt: d
   data: [ 7.8907988612723997e+01, -8.6925502363917929e+01,
       3.1507716770838834e+02 ]
data_8: !!opencv-matrix
   rows: 3
   cols: 1
   dt: d
   data: [ -6.6413110566313733e+01, -8.0093180776415878e+01,
       2.7646696501993318e+02 ]
data_9: !!opencv-matrix
   rows: 3
   cols: 1
   dt: d
   data: [ 4.4893120076130238e+01, -1.0714960205896843e+02,
       3.1088866355396777e+02 ]
data_10: !!opencv-matrix
   rows: 3
   cols: 1
   dt: d
   data: [ 4.6793892865960494e+01, -1.0989477206348626e+02,
       3.3644367539484722e+02 ]
data_11: !!opencv-matrix
   rows: 3
   cols: 1
   dt: d
   data: [ 5.0621072374647206e+01, -1.0156995459468327e+02,
       3.2071887679619732e+02 ]
data_12: !!opencv-matrix
   rows: 3
   cols: 1
   dt: d
   data: [ 3.3613249812187284e+01, -9.0421262516237505e+01,
       2.8920602779910621e+02 ]
